<?xml version="1.0"?>
<opencv_storage>
<calibration_Time>"Fri Jan 27 23:27:35 2017"</calibration_Time>
<nrOfFrames>25</nrOfFrames>
<image_Width>640</image_Width>
<image_Height>480</image_Height>
<board_Width>9</board_Width>
<board_Height>6</board_Height>
<square_Size>50.</square_Size>
<FixAspectRatio>1.</FixAspectRatio>
<!-- flags:  +fix_aspectRatio +fix_principal_point +zero_tangent_dist -->
<flagValue>14</flagValue>
<Camera_Matrix type_id="opencv-matrix">
  <rows>3</rows>
  <cols>3</cols>
  <dt>d</dt>
  <data>
    5.4221462764292789e+02 0. 3.1950000000000000e+02 0.
    5.4221462764292789e+02 2.3950000000000000e+02 0. 0. 1.</data></Camera_Matrix>
<Distortion_Coefficients type_id="opencv-matrix">
  <rows>5</rows>
  <cols>1</cols>
  <dt>d</dt>
  <data>
    4.0794408552346215e-02 -1.3674694158941200e-01 0. 0.
    -6.3773049296761558e-02</data></Distortion_Coefficients>
<Avg_Reprojection_Error>1.9753952004131017e-01</Avg_Reprojection_Error>
<Per_View_Reprojection_Errors type_id="opencv-matrix">
  <rows>25</rows>
  <cols>1</cols>
  <dt>f</dt>
  <data>
    2.06200913e-01 1.64237976e-01 1.17058784e-01 1.35738358e-01
    1.54839173e-01 2.11014777e-01 1.29063219e-01 1.84539735e-01
    1.67477936e-01 1.52287945e-01 1.50972232e-01 3.84388924e-01
    2.90023804e-01 1.76805362e-01 1.81075364e-01 1.85638040e-01
    1.48696080e-01 1.86209157e-01 2.01766804e-01 2.31695801e-01
    1.87189713e-01 2.29816452e-01 1.92825824e-01 2.03461811e-01
    1.80799380e-01</data></Per_View_Reprojection_Errors>
<!-- a set of 6-tuples (rotation vector + translation vector) for each view -->
<Extrinsic_Parameters type_id="opencv-matrix">
  <rows>25</rows>
  <cols>6</cols>
  <dt>d</dt>
  <data>
    -1.3473348346925598e-01 -1.9665447305855410e-01
    1.3152044342191626e-02 -5.4197549007845237e+02
    -4.9703192301739932e+01 1.3810123809908991e+03
    -1.0373225662758243e-01 -2.2952826018331082e-01
    2.2641981141689797e-02 -5.7738889437673686e+02
    -9.4054003256618046e+01 1.3631246344870244e+03
    -2.6953076463248741e-02 -3.0447387351946875e-01
    1.0635390613368249e-01 -5.7231710776926309e+02
    -2.8797078977787982e+02 1.3215530104089462e+03
    -2.0072185425941951e-02 -3.0089504988295723e-01
    1.1115131971383038e-01 -5.6485666385523484e+02
    -2.9987261757777810e+02 1.3141759661066146e+03
    -1.9274195527353845e-03 -3.1010262473896061e-01
    1.4048260121701073e-01 -5.4293637892755055e+02
    -3.2824255174217780e+02 1.3035634290665912e+03
    1.2136080142688785e-02 -3.2131124649390058e-01
    1.4175963336272512e-01 -5.4837990591248092e+02
    -3.2353168622128516e+02 1.2972222891957724e+03
    -3.3175267695283638e-02 -3.1969250136905131e-01
    1.4785814984659806e-01 -5.4110985395666160e+02
    -2.9988165116944998e+02 1.3168771558605167e+03
    -3.6606292486440900e-02 -3.0238739691217364e-01
    1.7904454023224867e-01 -4.8012411393256764e+02
    -3.0205006203102135e+02 1.3272767792724565e+03
    -2.2329967564372138e-02 -2.7715577132141012e-01
    1.9567811734766324e-01 -4.6233192081899836e+02
    -2.8694013278572862e+02 1.3394166531312217e+03
    -3.4434746260713953e-02 -2.8325576950448539e-01
    1.8946993078431595e-01 -4.7031620782223689e+02
    -2.7230738836573403e+02 1.3406619913812433e+03
    -4.2245959957110620e-02 -2.8152348313921383e-01
    1.8756250045749048e-01 -4.7474689174135648e+02
    -2.6494531908111264e+02 1.3440523803813840e+03
    -7.0706240832536821e-02 -2.6349956156753079e-01
    1.9445389455932452e-01 -4.2387348395501692e+02
    -2.2169353004031962e+02 1.3640296805264322e+03
    -1.4066193631174986e-01 -6.4111131491151455e-02
    2.8893624403059470e-01 -5.8529793862086265e+01
    -9.5074613689172878e+01 1.4413701050224663e+03
    -1.6165528333702517e-01 -2.7609683944823004e-02
    2.6229807096464530e-01 -2.3836470877956945e+01
    -5.5022314597796360e+01 1.4508473042278515e+03
    -1.4430430881350984e-01 -6.0554675075353143e-03
    2.5900306595709238e-01 -2.6429646318411470e+00
    -5.4817781784244055e+01 1.4534706391580364e+03
    -1.5972516404605255e-01 -1.0461244854284426e-02
    2.5309549001166703e-01 2.2752744759232333e+00
    -5.1416910838701668e+01 1.4519934352524238e+03
    -1.6182812774997007e-01 5.6222664428898089e-02
    2.5411977356013993e-01 9.0918178695136902e+01
    -2.3719376017662249e+01 1.4591346334222246e+03
    -1.6214306024417016e-01 4.5295165879766446e-02
    2.3879962360655543e-01 8.4734540438408771e+01
    -2.4008454557475137e+01 1.4542964053177043e+03
    -1.6138809409881377e-01 4.1934724441389445e-02
    2.2540925867455769e-01 6.3560385282328276e+01
    -6.5875059652394556e+00 1.4551401546389561e+03
    -1.6779795903621561e-01 1.4271287324353839e-02
    1.9738590773615663e-01 2.8790155033267251e+01 6.7281220827430408e+00
    1.4512167025634471e+03 -1.8566049376865904e-01
    1.6768656250487467e-02 1.8195635691824766e-01 1.3370949312034455e+01
    2.3018738060319247e+01 1.4558825865396793e+03
    -1.7218834299389174e-01 1.1855491692008039e-02
    1.5848555021617586e-01 -2.4259227357351875e+01
    2.4372143424582699e+01 1.4582502410388850e+03
    -1.9090054897717043e-01 -6.9364951997747615e-02
    1.0970756212992806e-01 -1.5681826726081010e+02
    3.0459303460679674e+01 1.4446687108752301e+03
    -1.8546775658259632e-01 -6.9244185865444882e-02
    1.0105693896777673e-01 -1.5431597251052867e+02
    2.3429017035657306e+01 1.4433303290152041e+03
    -1.8920917602592219e-01 -6.3158473512623201e-02
    1.0348505055456257e-01 -1.4551655756284845e+02
    2.6202273628424376e+01 1.4456368737620244e+03</data></Extrinsic_Parameters>
