<?xml version="1.0"?>
<opencv_storage>
<calibration_Time>"Sun Jan 29 01:16:10 2017"</calibration_Time>
<nrOfFrames>25</nrOfFrames>
<image_Width>640</image_Width>
<image_Height>480</image_Height>
<board_Width>6</board_Width>
<board_Height>9</board_Height>
<square_Size>50.</square_Size>
<FixAspectRatio>1.</FixAspectRatio>
<!-- flags:  +fix_aspectRatio +fix_principal_point +zero_tangent_dist -->
<flagValue>14</flagValue>
<Camera_Matrix type_id="opencv-matrix">
  <rows>3</rows>
  <cols>3</cols>
  <dt>d</dt>
  <data>
    6.8427728604510514e+02 0. 3.1950000000000000e+02 0.
    6.8427728604510514e+02 2.3950000000000000e+02 0. 0. 1.</data></Camera_Matrix>
<Distortion_Coefficients type_id="opencv-matrix">
  <rows>5</rows>
  <cols>1</cols>
  <dt>d</dt>
  <data>
    9.3953955379406284e-01 -3.8377705964063672e+01 0. 0.
    5.3192963981969342e+02</data></Distortion_Coefficients>
<Avg_Reprojection_Error>1.5948874342314265e-01</Avg_Reprojection_Error>
<Per_View_Reprojection_Errors type_id="opencv-matrix">
  <rows>25</rows>
  <cols>1</cols>
  <dt>f</dt>
  <data>
    1.56387329e-01 1.58584908e-01 1.60132572e-01 1.59762308e-01
    1.56078860e-01 1.60786226e-01 1.59220308e-01 1.59321696e-01
    1.56971231e-01 1.60830989e-01 1.59061894e-01 1.61483049e-01
    1.61948085e-01 1.59954801e-01 1.59295574e-01 1.60455123e-01
    1.60007030e-01 1.61418438e-01 1.58255115e-01 1.60445452e-01
    1.58602685e-01 1.59819439e-01 1.59887835e-01 1.58704564e-01
    1.59640059e-01</data></Per_View_Reprojection_Errors>
<!-- a set of 6-tuples (rotation vector + translation vector) for each view -->
<Extrinsic_Parameters type_id="opencv-matrix">
  <rows>25</rows>
  <cols>6</cols>
  <dt>d</dt>
  <data>
    -5.6509108581728784e-01 1.6382422752620548e-01
    -1.6138300834895216e+00 -1.8083330283948263e+02
    -6.6330025882723049e+00 1.8949089844117025e+03
    -5.6520334605876654e-01 1.6377902247838058e-01
    -1.6137249676950716e+00 -1.8083894365630908e+02
    -6.6523299329624237e+00 1.8948421636849794e+03
    -5.6487958483328260e-01 1.6385654842349634e-01
    -1.6137911137224166e+00 -1.8083969283991874e+02
    -6.6608972005729417e+00 1.8949906684141476e+03
    -5.6507550293962350e-01 1.6403004199985433e-01
    -1.6137480853009449e+00 -1.8081748245781452e+02
    -6.6613586548732133e+00 1.8948539859260263e+03
    -5.6503065594890989e-01 1.6382249896706566e-01
    -1.6137720056255618e+00 -1.8083336449058405e+02
    -6.6776676819087548e+00 1.8949605529977457e+03
    -5.6502873934541287e-01 1.6391616700626277e-01
    -1.6137509518766824e+00 -1.8083467438386404e+02
    -6.6791895445695193e+00 1.8949560947606394e+03
    -5.6491231855289870e-01 1.6385333761815871e-01
    -1.6137886942732675e+00 -1.8082032030807559e+02
    -6.6936562269721831e+00 1.8949602371746666e+03
    -5.6504950067427351e-01 1.6396018162555800e-01
    -1.6137445302300475e+00 -1.8082187065794650e+02
    -6.6939321797643156e+00 1.8949240045413690e+03
    -5.6498079394478240e-01 1.6413145599466547e-01
    -1.6137319633909173e+00 -1.8081270064618491e+02
    -6.7004092362452923e+00 1.8949721995768512e+03
    -5.6499107352442013e-01 1.6386264055123073e-01
    -1.6137555395608680e+00 -1.8081707056949719e+02
    -6.6971645432397588e+00 1.8949872717704748e+03
    -5.6483121853628571e-01 1.6394478735692666e-01
    -1.6138115677174505e+00 -1.8081939446516543e+02
    -6.7087444337190796e+00 1.8951042789007229e+03
    -5.6496849587480502e-01 1.6388122093048060e-01
    -1.6137225511486020e+00 -1.8082571788136426e+02
    -6.7163184577513322e+00 1.8950930585390754e+03
    -5.6501728802035922e-01 1.6405489233242895e-01
    -1.6136732099820095e+00 -1.8082081730789812e+02
    -6.7158235224927409e+00 1.8950938114567975e+03
    -5.6493883133390832e-01 1.6389255000845959e-01
    -1.6137523533672389e+00 -1.8082546898188980e+02
    -6.7234074230258072e+00 1.8951586059889564e+03
    -5.6510921934443470e-01 1.6373439345641974e-01
    -1.6136931589653045e+00 -1.8083271447427254e+02
    -6.7146070192744407e+00 1.8950067806819518e+03
    -5.6501627188201164e-01 1.6376496482886138e-01
    -1.6137780717636301e+00 -1.8082628305593892e+02
    -6.7082293385763858e+00 1.8950207207703086e+03
    -5.6505831935213924e-01 1.6399224616591085e-01
    -1.6137230385389978e+00 -1.8081301563474904e+02
    -6.7042958566769641e+00 1.8949244132533536e+03
    -5.6509760224427186e-01 1.6389744530096451e-01
    -1.6137372590375954e+00 -1.8081276107640309e+02
    -6.7117545709332358e+00 1.8949738439031173e+03
    -5.6494499960785394e-01 1.6382814608069848e-01
    -1.6137787206566467e+00 -1.8081363897792306e+02
    -6.7123075728561732e+00 1.8949571113823449e+03
    -5.6487003181916629e-01 1.6401169871582907e-01
    -1.6137803511141589e+00 -1.8080268732125998e+02
    -6.7151516932016868e+00 1.8949983999217852e+03
    -5.6491604192003186e-01 1.6401452660993729e-01
    -1.6137616533462791e+00 -1.8080960797329377e+02
    -6.7117585704535694e+00 1.8949569747919538e+03
    -5.6487109121651879e-01 1.6411419430935928e-01
    -1.6137612025313679e+00 -1.8080615123442863e+02
    -6.7154320515453003e+00 1.8949363901451534e+03
    -5.6483608101924065e-01 1.6391277584128902e-01
    -1.6137864062733422e+00 -1.8081395037643188e+02
    -6.7232687845576100e+00 1.8949280838378127e+03
    -5.6474174098382823e-01 1.6384855261835066e-01
    -1.6138324721479769e+00 -1.8081239156070092e+02
    -6.7229530246927727e+00 1.8949699090385061e+03
    -5.6479335562970912e-01 1.6415902385338663e-01
    -1.6137392524880967e+00 -1.8080216423335730e+02
    -6.7270384532142273e+00 1.8949726999661648e+03</data></Extrinsic_Parameters>
