<?xml version="1.0"?>
<opencv_storage>
<calibration_Time>"Sat Feb 18 20:46:12 2017"</calibration_Time>
<nrOfFrames>4</nrOfFrames>
<image_Width>640</image_Width>
<image_Height>480</image_Height>
<board_Width>6</board_Width>
<board_Height>9</board_Height>
<square_Size>50.</square_Size>
<FixAspectRatio>1.</FixAspectRatio>
<!-- flags:  +fix_aspectRatio +fix_principal_point +zero_tangent_dist -->
<flagValue>14</flagValue>
<Camera_Matrix type_id="opencv-matrix">
  <rows>3</rows>
  <cols>3</cols>
  <dt>d</dt>
  <data>
    5.3425089652174302e+02 0. 3.1950000000000000e+02 0.
    5.3425089652174302e+02 2.3950000000000000e+02 0. 0. 1.</data></Camera_Matrix>
<Distortion_Coefficients type_id="opencv-matrix">
  <rows>5</rows>
  <cols>1</cols>
  <dt>d</dt>
  <data>
    1.6990051797324104e+00 -1.6228805480171886e+01 0. 0.
    4.7386307807349709e+01</data></Distortion_Coefficients>
<Avg_Reprojection_Error>5.1329737914852451e+00</Avg_Reprojection_Error>
<Per_View_Reprojection_Errors type_id="opencv-matrix">
  <rows>4</rows>
  <cols>1</cols>
  <dt>f</dt>
  <data>
    6.53125954e+00 7.12134218e+00 3.30593443e+00 1.04384482e+00</data></Per_View_Reprojection_Errors>
<!-- a set of 6-tuples (rotation vector + translation vector) for each view -->
<Extrinsic_Parameters type_id="opencv-matrix">
  <rows>4</rows>
  <cols>6</cols>
  <dt>d</dt>
  <data>
    -6.7266680784676514e-01 1.9482161341744193e-02
    1.5873177734590709e+00 8.1480020711740406e+02 2.5085395292698813e+01
    2.4874184573769426e+03 -6.8198998861213522e-01
    5.4234078461538077e-02 1.5467971796268887e+00 7.0371718502887722e+02
    9.3248697442060731e+01 2.2277209513731123e+03
    -5.0133966545004982e-01 2.0835213900114660e-01
    1.5763871007280226e+00 6.1719008224129232e+02 1.6591526769813927e+02
    2.0793383328130990e+03 -6.1183901262110041e-01
    2.7481542746722037e-01 1.5725279886366257e+00 1.7186426344068252e+02
    1.8995261786241579e+02 2.0444928272137827e+03</data></Extrinsic_Parameters>
<Image_points type_id="opencv-matrix">
  <rows>4</rows>
  <cols>54</cols>
  <dt>"2f"</dt>
  <data>
    5.02189178e+02 2.47575806e+02 5.02240784e+02 2.47775360e+02
    5.04280670e+02 2.60105347e+02 5.07689453e+02 2.84651306e+02
    5.09727722e+02 2.97339355e+02 5.11111298e+02 3.05237732e+02
    4.97553772e+02 2.46161911e+02 4.97613159e+02 2.46379639e+02
    4.99271271e+02 2.59205963e+02 4.96230652e+02 2.71004517e+02
    5.03551514e+02 2.90131561e+02 5.09727814e+02 2.97450348e+02
    4.87870300e+02 2.45180405e+02 4.87950165e+02 2.45436691e+02
    4.90186584e+02 2.63539520e+02 4.91547028e+02 2.76058289e+02
    4.87700348e+02 2.81224365e+02 4.89540802e+02 2.94331421e+02
    4.78014130e+02 2.42938416e+02 4.77655396e+02 2.43219727e+02
    4.84483154e+02 2.56459900e+02 4.87664246e+02 2.81277191e+02
    4.87699310e+02 2.81353607e+02 4.85457977e+02 3.00210693e+02
    4.67738403e+02 2.40933517e+02 4.72998993e+02 2.42206818e+02
    4.74680420e+02 2.54123901e+02 4.76420654e+02 2.66824066e+02
    4.77933502e+02 2.79897675e+02 4.80267456e+02 2.92449860e+02
    4.62673889e+02 2.40051224e+02 4.62717712e+02 2.40265854e+02
    4.54331848e+02 2.64385620e+02 4.55409302e+02 2.76924103e+02
    4.58288422e+02 2.89779083e+02 4.68625244e+02 2.91267212e+02
    4.52677307e+02 2.38475571e+02 4.42262329e+02 2.49728470e+02
    4.43501465e+02 2.62356567e+02 4.43504120e+02 2.62597443e+02
    4.45412109e+02 2.75291779e+02 4.58326141e+02 2.90143341e+02
    4.30338318e+02 2.35537216e+02 4.31520630e+02 2.47355423e+02
    4.42253418e+02 2.49994400e+02 4.33303223e+02 2.61028473e+02
    4.45409729e+02 2.75264496e+02 4.46795074e+02 2.88187927e+02
    4.30298981e+02 2.35581207e+02 4.31523041e+02 2.47378571e+02
    4.31535187e+02 2.47575272e+02 4.33304169e+02 2.60980377e+02
    4.34457855e+02 2.73577942e+02 4.36481476e+02 2.87000946e+02
    4.97289185e+02 2.67585968e+02 4.97331207e+02 2.67834839e+02
    4.99140533e+02 2.80294617e+02 5.03556976e+02 3.06591705e+02
    5.04558380e+02 3.12630280e+02 5.06802826e+02 3.26478302e+02
    4.86438934e+02 2.66387695e+02 4.86465790e+02 2.66573303e+02
    4.90200073e+02 2.91814056e+02 4.91634308e+02 3.04997284e+02
    5.04424042e+02 3.12647491e+02 5.06663635e+02 3.26447083e+02
    4.75078644e+02 2.64566803e+02 4.81237030e+02 2.71779480e+02
    4.77047241e+02 2.76964996e+02 4.80202606e+02 3.02949799e+02
    4.91612518e+02 3.05359009e+02 4.82753693e+02 3.23776978e+02
    4.75008820e+02 2.64569153e+02 4.75005188e+02 2.64785034e+02
    4.77006317e+02 2.76975311e+02 4.67613342e+02 2.88905640e+02
    4.80342285e+02 3.03314270e+02 4.72345886e+02 3.22394257e+02
    4.63794250e+02 2.63175903e+02 4.63826691e+02 2.63350830e+02
    4.65079163e+02 2.75274689e+02 4.67609009e+02 2.88912201e+02
    4.68889740e+02 3.02110443e+02 4.72208557e+02 3.22412079e+02
    4.51334442e+02 2.53561966e+02 4.52196716e+02 2.61236267e+02
    4.42594269e+02 2.86490387e+02 4.42622528e+02 2.86839172e+02
    4.51594208e+02 3.07398682e+02 4.59145996e+02 3.21446899e+02
    4.26612427e+02 2.51623093e+02 4.28689178e+02 2.71684479e+02
    4.28690186e+02 2.72049561e+02 4.31286591e+02 2.92522705e+02
    4.32371155e+02 3.04713806e+02 4.47476959e+02 3.19676910e+02
    4.16767181e+02 2.57335266e+02 4.17351929e+02 2.70550079e+02
    4.19128998e+02 2.83860779e+02 4.25003204e+02 2.91211273e+02
    4.32077820e+02 3.04642822e+02 4.35100494e+02 3.19254578e+02
    4.04116333e+02 2.56756836e+02 4.17341644e+02 2.70558746e+02
    4.17290253e+02 2.70809296e+02 4.19043365e+02 2.84293182e+02
    4.14440918e+02 3.03489868e+02 4.22843658e+02 3.17285522e+02
    4.79454041e+02 2.82746338e+02 4.88038330e+02 2.97393768e+02
    4.90069794e+02 3.10403564e+02 4.92427551e+02 3.24074219e+02
    4.94172058e+02 3.37598999e+02 4.96276917e+02 3.51877411e+02
    4.79427063e+02 2.82907532e+02 4.80635986e+02 2.90957397e+02
    4.76924927e+02 3.09886871e+02 4.72572662e+02 3.22714447e+02
    4.80943115e+02 3.37138641e+02 4.83535858e+02 3.50904083e+02
    4.60599060e+02 2.82485565e+02 4.61989990e+02 2.95484100e+02
    4.63534363e+02 3.08520844e+02 4.58614960e+02 3.21960297e+02
    4.67650238e+02 3.36085815e+02 4.69281525e+02 3.50367493e+02
    4.41950439e+02 2.87043488e+02 4.56634064e+02 3.02140930e+02
    4.56623993e+02 3.07720703e+02 4.58264038e+02 3.21912415e+02
    4.60304810e+02 3.35367279e+02 4.55446472e+02 3.49399078e+02
    4.34735474e+02 2.80499420e+02 4.41725342e+02 2.87341797e+02
    4.37657227e+02 3.06548279e+02 4.38845215e+02 3.20337463e+02
    4.40590118e+02 3.33985718e+02 4.41990448e+02 3.48330475e+02
    4.21470734e+02 2.78742981e+02 4.22981842e+02 2.92097534e+02
    4.23509430e+02 3.06029541e+02 4.24711700e+02 3.19532593e+02
    4.26399506e+02 3.33524323e+02 4.28298950e+02 3.47444946e+02
    4.08050659e+02 2.78000580e+02 4.08852997e+02 2.91578766e+02
    4.09525085e+02 3.04973633e+02 4.11026703e+02 3.18867188e+02
    4.12192688e+02 3.32776215e+02 4.13967163e+02 3.46798492e+02
    3.94318024e+02 2.77469940e+02 3.94954102e+02 2.90501770e+02
    3.96216034e+02 3.04237854e+02 3.97221130e+02 3.17944519e+02
    3.98256256e+02 3.31700928e+02 3.99866943e+02 3.45686584e+02
    3.80498688e+02 2.76179108e+02 3.81445740e+02 2.89906403e+02
    3.82525635e+02 3.02811401e+02 3.83265991e+02 3.16625763e+02
    3.84261230e+02 3.30727264e+02 3.85367981e+02 3.45122589e+02
    3.66817810e+02 2.95724487e+02 3.67086548e+02 3.01983368e+02
    3.67631866e+02 3.15403931e+02 3.68335999e+02 3.28549530e+02
    3.68710236e+02 3.42279083e+02 3.69247711e+02 3.56480408e+02
    3.53420502e+02 2.88338043e+02 3.53708466e+02 3.01262787e+02
    3.54086304e+02 3.14317261e+02 3.54426880e+02 3.27750671e+02
    3.54935486e+02 3.41630493e+02 3.55631439e+02 3.55463440e+02
    3.40121429e+02 2.86720490e+02 3.40390839e+02 2.99826355e+02
    3.40530853e+02 3.12979523e+02 3.40671753e+02 3.26778412e+02
    3.41306244e+02 3.40304962e+02 3.41456696e+02 3.54440582e+02
    3.26732788e+02 2.85569122e+02 3.26903870e+02 2.98373413e+02
    3.27253479e+02 3.11614136e+02 3.27174774e+02 3.25211060e+02
